LongSpeed	az	del_az	PFLow	PFeHigh
-4.8256499999999996	-889.3018437016423	0.16886090864968362	0.9995946175904078	0.0004053824095918895
-2.4128249999999998	-964.9160786717363	4.812380614067301e-13	0.9995601510568612	0.00043984894314004556
2.4128249999999998	-1158.3268517598992	0.20808810511872225	0.9994714473189458	0.0005285526810552513
4.8256499999999996	-1274.9236858436275	0.04363660667335392	0.9994180197846705	0.0005819802153305151
9.651299999999999	-1596.3020347885347	2.2983434739129756e-5	0.9992710525392832	0.0007289474607146858
14.476949999999999	-1882.822498590081	3.4910496309362277e-12	0.9991391045685751	0.000860895431424181
19.302599999999998	-2395.876962582959	0.25848457996147667	0.9989033714788562	0.0010966285211458306
24.128249999999998	-3157.783682431243	0.5127265667070566	0.9985543551406396	0.0014456448593630322
28.953899999999997	-4029.6251612600117	0.34783882198652327	0.9981553055911988	0.0018446944087969679
33.77955	-4926.5852284593175	0.7866602772200677	0.9977423844318734	0.002257615568123581
38.605199999999996	-6489.743029332646	0.5918281720625134	0.9970257525302565	0.0029742474697398323
43.43084999999999	-8386.125897770267	2.4618701162412555	0.9961574138418461	0.003842586158153391
48.256499999999996	-9195.51229677391	1.7576477568576152	0.9957796412499422	0.004220358750058396
53.08215	-11610.871172724746	3.3691712173026773	0.9946671220894366	0.005332877910565075
57.907799999999995	-15760.982224821375	3.2940496017480108	0.9927585291691519	0.007241470830846449
62.73344999999999	-18102.010623437935	4.961518503071251	0.9916840877963072	0.00831591220368685
67.5591	-21581.41471168323	5.978966299775896	0.9900789234968492	0.00992107650315011
72.38475	-26124.022986820688	5.514415009389933	0.9879955856761338	0.012004414323861425
77.21039999999999	-27239.901113749587	0.3286896794536426	0.9874835965279715	0.012516403472022895
82.03604999999999	-27418.512992078915	6.328386879574214	0.9873890367952383	0.012610963204758272
86.86169999999998	-30112.653342956175	2.2432951981275635	0.9861434129421055	0.013856587057889105
91.68735	-33463.59732565967	6.9985667173634445	0.9845897782446171	0.015410221755380468
96.51299999999999	-29568.882763864658	3.464914042128457e-11	0.9863829358861738	0.01361706411381992
101.33864999999999	-32266.271680635247	3.079923593003073e-11	0.9851418421683822	0.014858157831615553
106.1643	-31476.64597209193	8.190685776956057	0.9855044532323367	0.014495546767661367
110.98995	-29208.65495412374	5.69894710884481	0.9865477836847356	0.01345221631525758
115.81559999999999	-29205.029814348265	9.049323144277982e-11	0.9865496601992495	0.013450339800749292
120.64124999999999	-31470.687548288606	0.09304493374830755	0.9855078301499001	0.014492169850096015
125.46689999999998	-32272.550335847376	1.5399617965015364e-11	0.9851393872905287	0.014860612709469707
130.29254999999998	-29566.004540433987	5.724878528875892	0.9863847430691008	0.013615256930895004
135.1182	-33465.18255652213	2.298489605209363	0.9845898241037822	0.015410175896213293
139.94385	-30127.118144096465	9.815369063185918e-12	0.9861368459046715	0.013863154095324274
144.7695	-27409.08321099897	9.815369063185918e-12	0.9873933480660526	0.012606651933943083
149.59515	-27251.167664310127	5.656153263115143	0.9874794998242343	0.012520500175762086
154.42079999999999	-26135.297356546867	5.004875838629993e-11	0.9879895825869132	0.012010417413082897
159.24644999999998	-21585.106385789404	4.525839251494234	0.9900795510577058	0.009920448942290671
164.07209999999998	-18103.557052025644	3.864121236372038	0.9916854464458256	0.008314553554173279
168.89774999999997	-15763.225925770297	3.663803090005456	0.99275718759236	0.007242812407639149
173.72339999999997	-11613.242235636166	1.8539308211962138	0.994665991664097	0.005334008335902736
178.54905	-9192.690811616338	0.4739330692271248	0.9957810031419343	0.0042189968580625325
183.3747	-8384.499557561167	5.315448123448666e-12	0.9961578968662144	0.003842103133786094
188.20035	-6490.7848709874215	1.2089950640544862	0.9970249461496095	0.0029750538503881454
193.02599999999998	-4926.499208205714	0.8504702766947646	0.99774221123748	0.00225778876251753
197.85164999999998	-4029.3572356505924	0.20496305028462777	0.9981550505364718	0.0018449494635319982
202.67729999999997	-3157.69614915677	0.20421141601912599	0.9985543401201771	0.0014456598798245437
207.50294999999997	-2395.713257598543	8.662285105321143e-12	0.998903522430121	0.0010964775698742617
212.3286	-1883.9338868016102	0.17888257474066674	0.9991387335323899	0.0008612664676092196
217.15425	-1596.7893909378759	0.08195106732626438	0.9992709695217434	0.000729030478252338
221.9799	-1274.9251948163846	0.02058408817860182	0.9994181547542484	0.0005818452457540418
226.80554999999998	-1059.5773296504924	0.1563873011758922	0.9995168752806717	0.00048312471932352623
231.63119999999998	-889.5758047814703	0.19517148062364514	0.9995946168345009	0.000405383165501296
236.45684999999997	-772.0436014385209	0.09205541863296793	0.9996486968086269	0.0003513031913723216
241.28249999999997	-649.786620436073	0.3122448577272137	0.9997043513138648	0.00029564868613012486
250.93379999999996	-498.93308918323754	2.4364533416299558e-12	0.999773805174515	0.00022619482548324836
260.58509999999995	-397.51655949793525	1.8046427302752378e-13	0.9998198736820816	0.00018012631792149633
270.2364	-332.21967368577776	9.745070743486285e-12	0.9998503119911732	0.00014968800882857538
279.8877	-282.175462973112	1.8336231871069644e-7	0.9998732120430395	0.00012678795695948822
289.539	-245.011450551802	0.04952027928598656	0.9998902999193964	0.00010970008060526677
299.1903	-215.45840265726753	0.04083624024834168	0.9999039541677985	9.604583220249514e-5
308.84159999999997	-191.3776095901282	0.04082589830628686	0.9999150780681225	8.492193188068791e-5
318.49289999999996	-171.38528584634273	9.354064818593317e-12	0.9999243532180253	7.564678197136083e-5
328.14419999999996	-154.50268561210763	0.0070847334857898825	0.9999321898435382	6.781015646289647e-5
337.79549999999995	-140.18680174526654	0.023260129778745402	0.9999388542079244	6.114579207429873e-5
