LongSpeed	az	del_az	PFLow	PFeHigh
-4.8256499999999996	-11.137467456012212	1.086416541741733e-8	0.9999953962261932	4.603773807015988e-6
-2.4128249999999998	-12.077951603109565	0.00702305839815638	0.9999949741215669	5.02587843317494e-6
2.4128249999999998	-14.827304566943367	0.012498097416318792	0.999993737587868	6.2624121319907275e-6
4.8256499999999996	-16.674126438019417	0.006185492903524023	0.9999928988257317	7.101174270016542e-6
9.651299999999999	-21.156663497788244	0.01356057714529363	0.9999908719682937	9.128031708422886e-6
14.476949999999999	-25.08029285093648	0.020209402949905277	0.9999890868315304	1.0913168464470847e-5
19.302599999999998	-35.39321873890687	0.02179570836230888	0.9999843874750812	1.5612524918481907e-5
24.128249999999998	-48.72364651233305	0.021806472631664048	0.999978255228706	2.174477129439041e-5
28.953899999999997	-53.56806163625243	1.691208041633033e-5	0.9999760644536875	2.3935546311956255e-5
33.77955	-68.79810545006514	0.05511250704198725	0.9999691041908139	3.089580918586807e-5
38.605199999999996	-86.69369465800611	0.051619954070730355	0.9999608400717044	3.9159928297460774e-5
43.43084999999999	-106.01609599621159	0.04228479876215727	0.9999519778451701	4.802215482905276e-5
48.256499999999996	-123.76501817431539	0.026763278803972914	0.9999438017975135	5.619820248604268e-5
53.08215	-174.63570848853482	0.010933845524598846	0.9999203472293234	7.965277067396144e-5
57.907799999999995	-221.06174108470944	0.12904275486117173	0.9998988792205037	0.00010112077949449373
62.73344999999999	-235.19262848111114	0.06027272671159717	0.9998924575217248	0.00010754247827567793
67.5591	-282.7780917641209	0.13031681138330378	0.999870533752222	0.00012946624778126248
72.38475	-320.22912888476816	0.18100754583738146	0.9998532985675574	0.00014670143243940035
77.21039999999999	-330.63541945654964	4.038502692103592e-5	0.9998484481209455	0.0001515518790536575
82.03604999999999	-340.5409253688482	0.3031825714314291	0.999843750306512	0.0001562496934916112
86.86169999999998	-384.5456207301261	0.24539790915725004	0.9998234005348574	0.00017659946514137794
91.68735	-407.8118196957193	0.24295644545779763	0.9998125884096525	0.00018741159034860904
96.51299999999999	-379.02318693252215	0.1662353642117013	0.9998258207907668	0.00017417920923197696
101.33864999999999	-400.62844603100814	0.20486738132336818	0.9998158277064217	0.00018417229357763277
106.1643	-407.8040374760754	0.1184277667086606	0.9998124571176321	0.00018754288236671435
110.98995	-363.71436696959034	0.16281060928172222	0.9998327895673959	0.00016721043260311055
115.81559999999999	-364.0077499153905	0.20247489923699113	0.9998326591548613	0.00016734084513805072
120.64124999999999	-407.5149053555327	0.24811023883937758	0.9998125976403451	0.00018740235965390063
125.46689999999998	-400.7809314169726	1.3234046688685076e-12	0.9998157633234834	0.00018423667651851965
130.29254999999998	-378.59445349586827	1.8046427302752378e-13	0.9998260287104725	0.0001739712895302594
135.1182	-407.9873488133548	0.09030997298591878	0.9998125222142209	0.0001874777857788719
139.94385	-384.3399130923346	0.08883587602804395	0.9998235138971483	0.00017648610285193528
144.7695	-340.4160448222638	0.16363062497361278	0.9998438129125061	0.00015618708749387452
149.59515	-330.70949134022527	2.7128703902952756e-7	0.9998484253649836	0.00015157463501787164
154.42079999999999	-320.1430052271688	0.20328830907811052	0.9998533308069274	0.00014666919307300215
159.24644999999998	-282.9331836953621	6.376178733298598e-8	0.9998704639089717	0.0001295360910287282
164.07209999999998	-235.23110625618654	0.2068435137802788	0.9998924504626812	0.00010754953731909698
168.89774999999997	-221.0018495773493	5.5302395593090634e-5	0.9998989104147111	0.00010108958528993222
173.72339999999997	-174.68976212614925	0.10580619504053505	0.9999203316128114	7.966838718784336e-5
178.54905	-123.81434097076107	0.07244535981072177	0.9999437807528242	5.6219247173883884e-5
183.3747	-105.89363465081485	0.019361748853371864	0.9999520312723429	4.7968727657287844e-5
188.20035	-86.71427765422564	0.07621383229095345	0.9999608298286752	3.917017132519149e-5
193.02599999999998	-68.75630207558211	0.025451527952416834	0.9999691225098404	3.087749016222652e-5
197.85164999999998	-53.4920323698594	0.00232418806341126	0.9999760948615789	2.3905138419896993e-5
202.67729999999997	-48.76089839631421	0.02754960664146325	0.999978234946808	2.176505318871305e-5
207.50294999999997	-35.37344398332589	2.79333132634267e-7	0.9999843964748447	1.560352515708332e-5
212.3286	-25.07101921204601	9.585321350767498e-15	0.9999890907941993	1.090920580387978e-5
217.15425	-21.169480563100226	0.006200669271370122	0.9999908672868332	9.132713168667506e-6
221.9799	-16.68751149465078	0.0061817684728998614	0.9999928953018306	7.1046981651114085e-6
226.80554999999998	-13.397870652869528	1.2406918770642261e-13	0.9999943866408734	5.613359124707816e-6
231.63119999999998	-11.142999464117306	0.0027989181549284937	0.9999953953588709	4.604641132627501e-6
236.45684999999997	-9.82506919380266	0.004258510976643206	0.9999959903826015	4.009617402096911e-6
241.28249999999997	-8.043470589642414	0.004846847388821419	0.9999967828156529	3.2171843441624065e-6
250.93379999999996	-6.082605033604741	0.002402486232797815	0.9999976486829889	2.3513170070948662e-6
260.58509999999995	-4.809620424673113	0.001384275282075239	0.9999982070990378	1.7929009657644428e-6
270.2364	-4.013005974132101	0.002783267364978702	0.9999985553968347	1.4446031670529106e-6
279.8877	-3.404694008643096	0.0014941139451254818	0.9999988189121709	1.1810878266329912e-6
289.539	-2.9535546870208047	0.00015073382954203712	0.9999990145045272	9.854954722250107e-7
299.1903	-2.597834708080502	2.3967911261468002e-14	0.999999168452476	8.315475219510346e-7
308.84159999999997	-2.3034881103896314	0.006666575488185316	0.9999992931648516	7.068351475941319e-7
318.49289999999996	-2.0708521188876925	0.0005099291285202342	0.9999993960327149	6.039672846880908e-7
328.14419999999996	-1.8687181575742045	0.0020061066471881474	0.999999483423637	5.165763560182854e-7
337.79549999999995	-1.6966206935140913	0.0005168129768020313	0.9999995575275085	4.424724920177469e-7
