LongSpeed	az	del_az	PFLow	PFeHigh
-4.8256499999999996	-340.9432376822632	0.05363599647809983	0.9998466455358499	0.00015335446415049313
-2.4128249999999998	-369.6219918130187	0.10864761099318705	0.999833549497406	0.00016645050259254991
2.4128249999999998	-447.9465492041715	0.04502342939450234	0.9997977164254762	0.00020228357452864727
4.8256499999999996	-496.2931279919773	1.2030951535168254e-12	0.9997756541469733	0.00022434585302604518
9.651299999999999	-621.0637195057957	1.625292052481216e-12	0.9997185692484657	0.00028143075153246435
14.476949999999999	-734.8289096575131	0.06171364214476541	0.9996660114479279	0.00033398855206721325
19.302599999999998	-954.1464010759737	0.3581152207148462	0.9995649152863508	0.00043508471365077495
24.128249999999998	-1228.5533101652395	0.019635623703178447	0.9994395776901324	0.0005604223098684441
28.953899999999997	-1545.081588981609	0.0531320047824222	0.9992951052808091	0.0007048947191942998
33.77955	-1898.3269071635627	0.5854032318073298	0.9991323440835806	0.0008676559164229878
38.605199999999996	-2444.0180218919963	1.3717395280957588e-11	0.9988821190626888	0.0011178809373055382
43.43084999999999	-3144.467120647816	1.5527776672393176	0.9985616718266117	0.0014383281733877512
48.256499999999996	-3453.9927498519432	0.7058850020631735	0.9984164412756734	0.0015835587243303467
53.08215	-4359.16838372752	0.15395866497769573	0.9979993795561104	0.00200062044389089
57.907799999999995	-5955.339965763906	0.27229447679996466	0.9972653268573961	0.002734673142604549
62.73344999999999	-6784.047506987709	4.281546158051993e-7	0.9968847393393341	0.0031152606606621325
67.5591	-8116.5466356283	2.408032150217766	0.9962711677343215	0.0037288322656772593
72.38475	-9797.94605412208	4.907684531592959e-12	0.9955002967574897	0.004499703242508918
77.21039999999999	-10256.229117189305	2.08050777875953	0.9952908670478666	0.004709132952131245
82.03604999999999	-10305.803489594684	3.1627432467189274	0.9952605152865691	0.004739484713428595
86.86169999999998	-11374.403071107745	1.9966999673677839	0.9947672022976727	0.00523279770232361
91.68735	-12688.074084710868	6.80573393171534e-12	0.9941612953232868	0.005838704676709824
96.51299999999999	-11150.040175515423	2.039563910525106	0.9948669905688637	0.005133009431136057
101.33864999999999	-12405.684604085222	2.499643880770884	0.9942904852871344	0.005709514712864785
106.1643	-12084.47717762554	3.7631474148339783	0.9944374510168748	0.0055625489831239855
110.98995	-11153.703314685114	4.094225264968462	0.9948649755040955	0.005135024495904365
115.81559999999999	-11156.472797650975	2.970774421798508	0.9948638491601516	0.005136150839847262
120.64124999999999	-12084.567549189522	3.1834988256241625	0.9944376539162414	0.005562346083756748
125.46689999999998	-12400.00553755154	3.9014092020547544	0.9942932773047136	0.005706722695284086
130.29254999999998	-11154.659780814267	3.846963200040109	0.9948649444687665	0.005135055531228297
135.1182	-12695.714448405062	4.4651016220657604	0.9941573407006419	0.005842659299355277
139.94385	-11370.844407056431	4.073687946146062	0.9947686960793308	0.005231303920665835
144.7695	-10310.356062753575	3.2769391775612533	0.9952589782607764	0.004741021739220584
149.59515	-10255.275341532315	3.4473726002520224	0.9952913014787284	0.004708698521270249
154.42079999999999	-9798.313628375116	1.9249522456269205e-12	0.9955002090283536	0.00449979097164587
159.24644999999998	-8118.127169902537	3.40286696585767e-12	0.9962708732078753	0.003729126792120484
164.07209999999998	-6788.418777888031	0.2472403670682786	0.9968830857324873	0.003116914267510723
168.89774999999997	-5952.867045293181	1.9394157545116502	0.9972666881001828	0.0027333118998161205
173.72339999999997	-4358.118255943062	0.8888524824338774	0.9979999770077117	0.002000022992286703
178.54905	-3452.9031995417727	1.755350934800268	0.9984169603823789	0.0015830396176188507
183.3747	-3144.334851824055	1.4403648219131076	0.9985616246802713	0.001438375319727349
188.20035	-2446.1150355547834	4.812380614067302e-12	0.998881094634125	0.0011189053658758994
193.02599999999998	-1898.3143732389437	0.4591798331715953	0.9991321846942685	0.0008678153057307147
197.85164999999998	-1544.2677070691773	1.6843332149235552e-12	0.9992954130149064	0.0007045869850933252
202.67729999999997	-1227.6555029081303	0.16694455058663746	0.9994399551423523	0.0005600448576486854
207.50294999999997	-954.2263096563295	0.27183019060992153	0.9995648994630544	0.00043510053694525964
212.3286	-734.5955999281437	0.25099040765093394	0.9996661449664616	0.00033385503353493794
217.15425	-621.1238007851531	9.44448852882547e-12	0.9997185759743332	0.00028142402566385435
221.9799	-496.5979891953348	0.06380334678598772	0.9997755708545631	0.0002244291454372299
226.80554999999998	-407.66384666212565	0.07857724587213792	0.9998162483029766	0.00018375169702376237
231.63119999999998	-340.9913429765087	2.677055685280585e-12	0.9998466721011487	0.00015332789884943797
236.45684999999997	-298.356579003406	0.14592268797491129	0.9998662166926038	0.00013378330739976103
241.28249999999997	-247.84013651831813	7.67120584329965e-13	0.9998891359402419	0.00011086405976144971
250.93379999999996	-188.62090892888457	0.04787930874979662	0.9999161930911797	8.380690881856036e-5
260.58509999999995	-149.53863007707167	0.0056785541541441815	0.999933825236047	6.617476395438832e-5
270.2364	-124.85591700317116	2.8314806841295934e-8	0.9999452277515144	5.477224848613302e-5
279.8877	-105.87213027769843	0.045024318441216335	0.999953843691852	4.6156308146752116e-5
289.539	-91.85779071517315	0.026648051423516058	0.9999602469279059	3.975307209663401e-5
299.1903	-80.74299847653602	0.03902483006460671	0.9999653454603341	3.4654539670493146e-5
308.84159999999997	-71.70254471850015	0.024037747485269344	0.9999695001519437	3.049984805457738e-5
318.49289999999996	-64.23762231235042	0.009345616132911462	0.9999729230878409	2.707691215489055e-5
328.14419999999996	-57.885700278063695	2.2558034128440475e-13	0.9999758389190249	2.416108097382565e-5
337.79549999999995	-52.52906134523071	1.3083659794495476e-12	0.9999782963425137	2.17036574828754e-5
