LongSpeed	az	del_az	PFLow	PFeHigh
-4.8256499999999996	-708.3144697234186	2.4061903070336507e-13	0.9996779437026053	0.000322056297395433
-2.4128249999999998	-768.5334540125855	0.011044420720877426	0.9996504338579798	0.0003495661420147324
2.4128249999999998	-924.6655564314525	0.10187184649995677	0.9995788446031155	0.0004211553968869144
4.8256499999999996	-1018.4485346146992	1.0383482960391202e-6	0.9995359202533987	0.00046407974659703013
9.651299999999999	-1273.2678785302346	0.16283468621298497	0.999419360203738	0.0005806397962606719
14.476949999999999	-1503.3363565751022	0.29992571941555507	0.9993133864149848	0.0006866135850196106
19.302599999999998	-1917.0406033728264	5.052999644770665e-12	0.9991232809191709	0.0008767190808318718
24.128249999999998	-2510.1247456315414	0.14514007358833367	0.9988517141086657	0.0011482858913331494
28.953899999999997	-3200.5287132944723	0.038733956442508925	0.9985359118718429	0.0014640881281552177
33.77955	-3912.647906074594	0.3934483712787675	0.9982078720653278	0.0017921279346698323
38.605199999999996	-5144.6939338107095	1.5218083708092413e-12	0.9976430046765856	0.0023569953234144235
43.43084999999999	-6642.60615788981	4.812380614067302e-12	0.9969574674388808	0.0030425325611184635
48.256499999999996	-7277.356494210293	0.9903420492422236	0.9966613526927531	0.0033386473072438685
53.08215	-9197.209297189764	5.774856736880761e-12	0.9957761606484983	0.004223839351505205
57.907799999999995	-12517.818450506906	1.1600584565943424	0.994247989099032	0.005752010900963371
62.73344999999999	-14341.975912800708	3.5807653680792673e-6	0.9934118821947198	0.006588117805279337
67.5591	-17117.421887079865	3.2541069814085466	0.9921336604450097	0.007866339554988982
72.38475	-20694.746337117234	6.087233483236965e-12	0.9904941161562246	0.009505883843773467
77.21039999999999	-21610.35569138506	1.167826298626043	0.9900703071483095	0.00992969285169035
82.03604999999999	-21743.094908137078	2.7218898641975366	0.9899979752806047	0.010002024719394617
86.86169999999998	-23918.433188890736	2.4411048160105255	0.988994525437404	0.011005474562592177
91.68735	-26624.581107243008	3.2582366049358833	0.9877402205918884	0.012259779408110037
96.51299999999999	-23476.172109110103	4.4969988085222825	0.9891897880870617	0.010810211912934298
101.33864999999999	-25797.517683479153	4.816228979827497e-11	0.9881227633892283	0.011877236610769441
106.1643	-25166.582390187003	0.7726601031834825	0.9884120493880764	0.01158795061192064
110.98995	-23304.838933374154	0.1360692334922782	0.9892679037588173	0.01073209624117853
115.81559999999999	-23301.732667961023	0.14564954231986663	0.98926956028185	0.01073043971814877
120.64124999999999	-25163.637004309385	3.410828445837063	0.9884138750388486	0.011586124961148584
125.46689999999998	-25804.86051606501	2.4642646388005933	0.9881197748031272	0.011880225196869137
130.29254999999998	-23476.938716117937	3.9987151652329693	0.9891897891118987	0.010810210888098425
135.1182	-26626.20515643891	2.650547833799899	0.9877404062479392	0.012259593752059386
139.94385	-23921.809386043013	1.8516270504354224	0.988993999167711	0.011006000832286278
144.7695	-21746.467516265424	1.4919299540265711	0.9899983140313482	0.010001685968649223
149.59515	-21613.831311174104	2.887617904008517	0.9900688537643423	0.009931146235654489
154.42079999999999	-20699.448753763958	0.331735325331535	0.9904924114855604	0.009507588514437022
159.24644999999998	-17117.785884283305	1.7389973079775045	0.992133968175962	0.007866031824034999
164.07209999999998	-14339.775651773041	1.3427282804729674	0.9934138954041247	0.0065861045958741996
168.89774999999997	-12522.162070557839	3.947325680394897e-11	0.9942464937006773	0.0057535062993196145
173.72339999999997	-9198.42543952196	1.1649854402336284	0.99577656309431	0.0042234369056881205
178.54905	-7278.441289342313	0.5653762794157781	0.9966607671024921	0.003339232897508363
183.3747	-6641.744945532759	1.1401513002518082	0.9969575575220089	0.0030424424779921947
188.20035	-5144.470354761509	6.737332859694221e-12	0.9976430642517007	0.002356935748298562
193.02599999999998	-3912.7942620124663	0.5044683157357674	0.9982075667153615	0.0017924332846320726
197.85164999999998	-3200.2563200159	0.018423692191846586	0.9985358116781538	0.0014641883218421583
202.67729999999997	-2510.080208634218	4.578089284085551e-12	0.9988517121122906	0.001148287887709843
207.50294999999997	-1916.9619634257913	0.13078498082282342	0.9991233428661246	0.0008766571338738251
212.3286	-1503.5010334953324	0.014792050967540358	0.9993133914024293	0.000686608597573549
217.15425	-1273.290123914831	1.0587237350948061e-11	0.99941944028164	0.0005805597183606906
221.9799	-1018.714351777158	0.15056581766913452	0.9995359241974278	0.0004640758025757052
226.80554999999998	-844.9303624265018	0.051750541767289424	0.9996155186758978	0.00038448132410430437
231.63119999999998	-708.6226032137042	0.1362275917807066	0.9996778999608872	0.00032210003911230077
236.45684999999997	-616.347246268948	0.0684413305335853	0.999720302351498	0.00027969764850402335
241.28249999999997	-517.0837045349854	2.346035549357809e-12	0.9997654802456204	0.00023451975438347836
250.93379999999996	-396.0956361519742	0.014020329012063132	0.9998210991048412	0.00017890089515844228
260.58509999999995	-314.9676164216032	0.07951516871058456	0.9998578794479355	0.00014212055206161753
270.2364	-263.33466731269306	0.027681584638992562	0.9998819682305409	0.00011803176946381764
279.8877	-223.56821597137497	0.0443036276687088	0.9999001313263272	9.986867367584784e-5
289.539	-194.02677835657764	1.1580767349700525e-12	0.9999137233706464	8.627662935085874e-5
299.1903	-170.61533938620718	0.014527864618258878	0.9999245188575154	7.5481142484078e-5
308.84159999999997	-151.5302943442474	0.025118714995376056	0.9999333319671531	6.666803285263544e-5
318.49289999999996	-135.7213121079168	0.010714957648093867	0.999940659363482	5.9340636521046453e-5
328.14419999999996	-122.3771699551463	0.008544896213252093	0.9999468506880245	5.3149311974129787e-5
337.79549999999995	-110.97167053388135	0.0109674820957748	0.9999521510671137	4.784893288006033e-5
