LongSpeed	az	del_az	PFLow	PFeHigh
-4.8256499999999996	-827.6825329375561	1.9030053838364663e-7	0.9996230012927472	0.0003769987072533769
-2.4128249999999998	-897.6383507321831	0.11203408557995849	0.9995910863782449	0.0004089136217577848
2.4128249999999998	-1078.1858983106833	0.04132518516387568	0.9995082855900472	0.0004917144099529775
4.8256499999999996	-1187.4128481542339	1.0894489972921413e-12	0.9994582870016073	0.0005417129983940645
9.651299999999999	-1485.1469021924656	0.09099338518845958	0.99932210165127	0.0006778983487286879
14.476949999999999	-1752.9749414823866	0.3088227932838892	0.9991987736439756	0.0008012263560265187
19.302599999999998	-2232.1191700953877	7.463069894824456e-12	0.9989785326219149	0.0010214673780771497
24.128249999999998	-2935.2745525179153	0.061620039834223254	0.9986565850855741	0.00134341491442561
28.953899999999997	-3745.109689641243	0.5041268244590172	0.9982861610189716	0.0017138389810285454
33.77955	-4579.0151239993165	0.6882421353126484	0.997902063773448	0.0020979362265483572
38.605199999999996	-6028.57917004517	0.9510707585350282	0.9972370345589644	0.0027629654410361634
43.43084999999999	-7788.037627047296	0.23432701928033137	0.9964316562597381	0.003568343740260468
48.256499999999996	-8536.928695263592	1.5214480394130272	0.9960825280693889	0.003917471930607883
53.08215	-10783.73854955301	2.0754976313968263	0.9950469429406654	0.004953057059327751
57.907799999999995	-14651.980109821901	2.677494173801288	0.9932679018626387	0.006732098137362776
62.73344999999999	-16813.699170787164	2.8222651165479364	0.9922767277064377	0.0077232722935578375
67.5591	-20058.09515839141	1.743118395667426e-11	0.9907811671984151	0.009218832801582495
72.38475	-24268.201082169435	2.2019625810065167	0.9888497412370307	0.011150258762966943
77.21039999999999	-25317.69016578318	4.535220144191329	0.9883669465129377	0.011633053487058256
82.03604999999999	-25478.764385838225	0.8464585916772315	0.9882819402961686	0.01171805970382893
86.86169999999998	-27994.958741911007	1.75045218506575	0.9871185706224874	0.01288142937750747
91.68735	-31132.623061579423	2.3099426947523043e-11	0.9856640898224802	0.014335910177514762
96.51299999999999	-27479.152704038366	3.464914042128457e-11	0.9873461629617903	0.012653837038206335
101.33864999999999	-30071.775874459665	5.331700095107476	0.986152956667824	0.01384704333217014
106.1643	-29326.517637646924	8.469789880758449e-11	0.9864946073615719	0.013505392638421224
110.98995	-27200.13704122707	4.078478660491892	0.9874731925195749	0.012526807480421382
115.81559999999999	-27202.14362806433	1.6365084765688591	0.9874724456939157	0.01252755430607935
120.64124999999999	-29334.44769264899	2.1166311132398374	0.9864915804624401	0.013508419537555123
125.46689999999998	-30075.89406759956	3.671171871857012	0.9861515302061994	0.013848469793794477
130.29254999999998	-27490.506103298612	6.929828084256914e-11	0.987340578822588	0.012659421177406411
135.1182	-31126.575103833944	5.538369885866143	0.985667033232777	0.014332966767219443
139.94385	-28004.60218184629	1.7722712359116735	0.9871141772013469	0.012885822798648496
144.7695	-25478.54957520759	1.5739269161472893	0.9882800601656176	0.011719939834379672
149.59515	-25320.315505750877	6.570993617052086	0.9883654925156562	0.011634507484341016
154.42079999999999	-24267.82441863925	3.079923593003073e-11	0.9888505444659725	0.011149455534025743
159.24644999999998	-20057.661003250647	2.2559737369941564	0.9907816987445395	0.009218301255457619
164.07209999999998	-16813.83582512788	5.3898662877553766e-11	0.9922760974760587	0.007723902523937605
168.89774999999997	-14655.152690203342	2.233235045000242	0.993266107652556	0.006733892347440061
173.72339999999997	-10786.932946700192	7.699808982507682e-12	0.995045832101011	0.004954167898983293
178.54905	-8537.170290900556	2.0046287361425508	0.9960821487469063	0.0039178512530945574
183.3747	-7785.920385758122	9.156178568171101e-12	0.9964323721105295	0.0035676278894727657
188.20035	-6028.009257426525	0.7756487178659596	0.9972366540560931	0.0027633459439069543
193.02599999999998	-4578.079031206541	1.0538054552705078	0.997902312064116	0.0020976879358831375
197.85164999999998	-3745.548171888093	1.8048031358335545e-11	0.9982856421174962	0.0017143578825030686
202.67729999999997	-2935.8152117357818	0.3880367456847781	0.9986563060591023	0.0013436939409000495
207.50294999999997	-2231.7204814426445	0.10703233882278794	0.9989787834733035	0.0010212165266936697
212.3286	-1753.3950397877484	0.2862790911544743	0.9991986758657669	0.0008013241342291887
217.15425	-1485.9991815998585	4.4530775754858265e-12	0.9993218159800183	0.0006781840199850014
221.9799	-1187.6227763306438	0.05257589910493273	0.9994583225783205	0.0005416774216786194
226.80554999999998	-986.1485165770849	1.708395117993892e-11	0.9995506126488856	0.0004493873511170278
231.63119999999998	-827.426361439755	1.2030951535168254e-12	0.9996232142063579	0.00037678579363664916
236.45684999999997	-718.7245703776541	0.12445974423653607	0.99967321896019	0.00032678103981133766
241.28249999999997	-604.5889011453924	1.0226308804893016e-11	0.9997252441356338	0.0002747558643623564
250.93379999999996	-463.6634437954173	0.08460509879445999	0.9997900400655415	0.00020995993446657342
260.58509999999995	-369.21871307327973	0.00018484126643880623	0.99983290493617	0.00016709506383327024
270.2364	-308.7155744701925	1.0226308804893014e-12	0.9998611273517028	0.00013887264829642694
279.8877	-262.1226729277762	0.07787834219430956	0.999882422828982	0.00011757717102050359
289.539	-227.48009738262502	0.03509948812242443	0.9998983548759126	0.00010164512409083904
299.1903	-200.06862734944147	0.018020460144765924	0.9999110150816807	8.898491832021234e-5
308.84159999999997	-177.66123332250703	6.468384898596446e-13	0.9999213713183446	7.86286816600315e-5
318.49289999999996	-159.18665306498806	0.03315603166732235	0.9999299415654157	7.005843458352167e-5
328.14419999999996	-143.4735338186322	0.0018534147159307423	0.999937232754393	6.276724560749908e-5
337.79549999999995	-130.1637987871506	0.021537748073622926	0.9999434226942351	5.657730576642393e-5
