LongSpeed	az	del_az	PFLow	PFeHigh
-4.8256499999999996	-5.620628012829906	1.6903073342952375e-9	0.9999977542246461	2.2457753548448314e-6
-2.4128249999999998	-6.090623174691733	0.0030771328962718326	0.9999975433085828	2.4566914158270104e-6
2.4128249999999998	-7.478383973494299	0.002552357741893593	0.999996919108677	3.0808913201841368e-6
4.8256499999999996	-8.414343756870492	0.0025165401195656203	0.9999964932058552	3.50679414337198e-6
9.651299999999999	-10.676400431399033	0.007449607852304007	0.9999954700038844	4.529996115368267e-6
14.476949999999999	-12.661647064981684	9.869587501086191e-14	0.9999945686578657	5.431342134014185e-6
19.302599999999998	-17.902292884113482	0.006343163027790058	0.9999921807565064	7.819243492036581e-6
24.128249999999998	-24.74191599688052	0.000767455896291248	0.9999890428459716	1.0957154028200314e-5
28.953899999999997	-27.03602791697177	0.012068919465882594	0.9999879960820445	1.200391795539199e-5
33.77955	-34.80399525401055	0.014714396877702226	0.9999844472828138	1.5552717186440853e-5
38.605199999999996	-43.96667939273968	0.01804894648122944	0.9999802148882553	1.9785111742068423e-5
43.43084999999999	-53.558895187619655	0.014773095388532834	0.9999758110288347	2.4188971164129536e-5
48.256499999999996	-62.78871641539133	0.01004115574297578	0.9999715664313842	2.8433568617841804e-5
53.08215	-90.21654488914943	0.038291662280418394	0.9999589382686018	4.1061731396775046e-5
57.907799999999995	-114.08570548378516	0.05421250874679383	0.999947890331166	5.2109668834374635e-5
62.73344999999999	-119.71912478253398	5.49133984461496e-9	0.9999453308846218	5.4669115378293814e-5
67.5591	-144.10584812088214	0.07151886245162437	0.9999340812375688	6.591876242931849e-5
72.38475	-161.95569918643633	0.04271358458284987	0.9999258157688857	7.418423111435466e-5
77.21039999999999	-166.7185381550286	0.08158205706164876	0.9999236161819511	7.638381804843519e-5
82.03604999999999	-172.59538071204145	0.00029229662790141537	0.9999208594457061	7.914055429253204e-5
86.86169999999998	-196.91529006330575	0.09580908461186644	0.9999096226705382	9.037732946185429e-5
91.68735	-205.42847843850973	0.0919616875668516	0.9999056129285662	9.438707143381347e-5
96.51299999999999	-194.39047564483536	0.035276613371617395	0.9999107071634432	8.929283655411885e-5
101.33864999999999	-201.89840869637004	0.08235050319072185	0.9999072055690114	9.279443098537536e-5
106.1643	-208.12678972074627	0.03418330276987047	0.9999043070649436	9.569293505647022e-5
110.98995	-183.7911582769548	0.06735694356387523	0.999915526601451	8.447339855072753e-5
115.81559999999999	-183.77030979056903	0.038267135882837096	0.9999155376737705	8.44623262310127e-5
120.64124999999999	-208.04668565298698	0.10307012288807868	0.9999043497269893	9.565027301594811e-5
125.46689999999998	-201.86211419407707	0.032681258784575375	0.9999072263488467	9.277365115292866e-5
130.29254999999998	-194.24577123750404	0.07177129567879603	0.999910777923221	8.922207678111165e-5
135.1182	-205.55491373122098	0.08148310154684271	0.9999055582806153	9.444171938637855e-5
139.94385	-197.0149919627523	2.1267918536610438e-14	0.9999095801435531	9.041985644899295e-5
144.7695	-172.53449328221444	1.0633959268305219e-13	0.9999208899265701	7.911007343042005e-5
149.59515	-166.74639317148515	0.005004971716095011	0.9999236127570617	7.638724294015746e-5
154.42079999999999	-162.08915480570627	0.0010965661471549586	0.9999257543004834	7.424569951588607e-5
159.24644999999998	-144.17812682911426	0.03477214678310747	0.9999340595776522	6.59404223476114e-5
164.07209999999998	-119.67655208242492	0.024595548463689918	0.9999453487078305	5.465129216875129e-5
168.89774999999997	-114.13353282481116	0.00015450466876422496	0.999947867697834	5.2132302165147865e-5
173.72339999999997	-90.16415311509431	3.308511672171269e-13	0.9999589656685999	4.103433139868161e-5
178.54905	-62.82106700880375	0.020600866523468445	0.9999715519567879	2.844804321239757e-5
183.3747	-53.58348552557272	0.026667322903695816	0.9999757967230674	2.4203276933003363e-5
188.20035	-43.95224534767561	0.013356200340895708	0.999980219749419	1.978025058251975e-5
193.02599999999998	-34.79587019052663	0.01789988903232916	0.9999844487869411	1.5551213059542313e-5
197.85164999999998	-27.02662476698317	0.013144767625725777	0.9999879892386612	1.2010761338540296e-5
202.67729999999997	-24.75484568956609	0.015102611399255152	0.9999890361427646	1.0963857234059999e-5
207.50294999999997	-17.91271606510118	4.981601338511458e-13	0.9999921759426578	7.824057341418668e-6
212.3286	-12.663536885988137	1.3617273193533424e-7	0.9999945683500739	5.431649924699735e-6
217.15425	-10.675782408212385	0.005510885271455595	0.9999954710719601	4.5289280387812424e-6
221.9799	-8.414153235498	0.0043679905274150305	0.9999964950624217	3.5049375813684262e-6
226.80554999999998	-6.752981101364237	0.0021131796619138212	0.9999972478227097	2.7521772896383856e-6
231.63119999999998	-5.617993243445699	0.002047023876550535	0.9999977561197956	2.2438802041143304e-6
236.45684999999997	-4.961356614986538	0.003007435543168689	0.9999980530376149	1.946962385148455e-6
241.28249999999997	-4.0604352613551615	0.0015084258489460128	0.9999984525922292	1.5474077719978248e-6
250.93379999999996	-3.071347394447071	0.000814857353757246	0.9999988871591774	1.1128408237051828e-6
260.58509999999995	-2.4256187999201	5.7246651109449807e-11	0.9999991683990065	8.31600994125156e-7
270.2364	-2.02674547134789	0.0013706909935618352	0.9999993409840846	6.590159132615881e-7
279.8877	-1.719156868934379	0.0008043509073492312	0.9999994727312516	5.272687509785654e-7
289.539	-1.493387422367915	0.0008026214935301004	0.9999995695138773	4.304861213271563e-7
299.1903	-1.3150601857634587	0.0005702658272948391	0.9999996459868359	3.5401316254752767e-7
308.84159999999997	-1.1689831925988126	9.817852763449926e-5	0.9999997081550942	2.918449066346357e-7
318.49289999999996	-1.0482013809087156	0.0004713635293110324	0.9999997596005844	2.4039941235967427e-7
328.14419999999996	-0.9470914425923861	0.0003382195134203741	0.999999802827917	1.9717208516860464e-7
337.79549999999995	-0.860611837914761	0.0008012944300353911	0.999999839754343	1.60245655183396e-7
