LongSpeed	az	del_az	PFLow	PFeHigh
-4.8256499999999996	-52.47268976040663	1.3717145035972933e-7	0.9999772817194368	2.271828056653185e-5
-2.4128249999999998	-56.896399246202236	1.5809681744267957e-6	0.9999752841031437	2.4715896855886455e-5
2.4128249999999998	-69.71272366670172	2.634421217328254e-8	0.9999694837889048	3.0516211096337544e-5
4.8256499999999996	-78.21626956316025	2.03161506560152e-13	0.9999656342156009	3.436578439884418e-5
9.651299999999999	-98.92130598523232	0.017200940556222608	0.9999562335793475	4.376642065187269e-5
14.476949999999999	-117.15311679778783	1.1304053758876556e-13	0.999947900283713	5.2099716286944055e-5
19.302599999999998	-162.58129885800446	0.03694426511502392	0.9999271134608112	7.288653918842552e-5
24.128249999999998	-218.45861334423802	0.043983872756867395	0.9999013794775022	9.862052249744195e-5
28.953899999999997	-248.66541011789568	7.820118497859364e-13	0.9998877030083047	0.00011229699169572907
33.77955	-316.068080927867	0.0777289893784358	0.9998568251626099	0.00014317483738841028
38.605199999999996	-394.972301749419	0.029939244880217767	0.9998204737690877	0.00017952623091488406
43.43084999999999	-489.9432307672981	0.17474110133871462	0.9997769681310209	0.00022303186897701925
48.256499999999996	-561.6926177904918	0.14731604780991417	0.9997436276989158	0.0002563723010836985
53.08215	-730.4702980751304	0.10243847565863433	0.9996655546837152	0.0003344453162832203
57.907799999999995	-944.9932861263871	0.33845883420629064	0.9995667713987846	0.00043322860121556097
62.73344999999999	-1060.8456946624435	0.20481691314185924	0.9995137607104649	0.0004862392895342494
67.5591	-1266.544475097441	0.46109561461495574	0.9994189217545593	0.0005810782454393846
72.38475	-1486.947911653011	0.19427438367478886	0.9993178434983088	0.0006821565016911753
77.21039999999999	-1552.3636870493388	0.5933913618825176	0.9992879106417767	0.0007120893582209244
82.03604999999999	-1572.875018851589	0.5379114170858791	0.9992773382260016	0.0007226617739994703
86.86169999999998	-1734.2517815909982	0.637908839707365	0.9992029000656799	0.0007970999343200315
91.68735	-1924.9603865074907	0.6953455464914075	0.9991147714142089	0.0008852285857903308
96.51299999999999	-1700.9307674403963	0.5690747164300713	0.9992177180407094	0.0007822819592917331
101.33864999999999	-1890.0386059931898	0.37506867437399	0.9991306433572031	0.0008693566427975643
106.1643	-1850.7896446254704	0.3698326975158533	0.9991485170074513	0.0008514829925471096
110.98995	-1699.5112981061197	0.20637852398326997	0.9992181466344685	0.0007818533655315197
115.81559999999999	-1699.6088355597528	3.7262385810428773e-6	0.9992181209644586	0.0007818790355420553
120.64124999999999	-1850.9573103645032	0.5006319281400758	0.9991485132542298	0.0008514867457707412
125.46689999999998	-1890.2731058235245	0.010853568398060618	0.9991305063424402	0.0008694936575571739
130.29254999999998	-1701.8490009387283	0.23713991346257038	0.999217331950587	0.0007826680494115406
135.1182	-1925.7908943207917	0.5149328169865486	0.9991144100688367	0.0008855899311634987
139.94385	-1734.3718248474408	0.611285451677537	0.9992028981289434	0.0007971018710559593
144.7695	-1573.1643260418518	1.2386873039813394e-5	0.9992772380262662	0.0007227619737335603
149.59515	-1552.4071954702722	0.5813830532698265	0.9992879158372207	0.0007120841627787577
154.42079999999999	-1487.6359326606666	0.07561164981529422	0.9993175667443723	0.0006824332556268883
159.24644999999998	-1266.6471915451575	0.11898097893180885	0.9994189201749148	0.0005810798250868438
164.07209999999998	-1060.264859517911	4.84548377722005e-8	0.9995140825720192	0.00048591742798065817
168.89774999999997	-945.1414809461654	0.3208800638699393	0.9995667281585089	0.000433271841489692
173.72339999999997	-730.3183880243989	0.17170223486769398	0.9996656667989302	0.0003343332010710497
178.54905	-561.3758546134223	0.07441841436150215	0.9997437724359575	0.00025622756404311087
183.3747	-490.123279601052	0.080649721031309	0.9997768689251801	0.00022313107482184675
188.20035	-394.98343441131976	0.13377400119280602	0.9998204456184834	0.0001795543815194374
193.02599999999998	-316.08267416900503	0.10904276742257256	0.9998567984180124	0.00014320158198635047
197.85164999999998	-248.63493025909213	0.10247927224601507	0.9998877188866209	0.00011228111337841629
202.67729999999997	-218.55760893823418	3.543279148822036e-8	0.9999013334388525	9.866656114539702e-5
207.50294999999997	-162.56241452649985	0.050721197151960086	0.9999271135246015	7.288647539644203e-5
212.3286	-117.24565061500483	0.030984919309539262	0.9999478610607901	5.213893921015092e-5
217.15425	-98.93397796868024	0.014899537789106583	0.9999562318902606	4.3768109740228174e-5
221.9799	-78.22210285457201	0.018054641181293036	0.9999656413071705	3.435869283056121e-5
226.80554999999998	-63.02683863462941	1.7080762601814868e-7	0.999972543376159	2.7456623839227058e-5
231.63119999999998	-52.44735415902169	1.2548190339207803e-7	0.9999772990480209	2.2700951981281636e-5
236.45684999999997	-46.211118060981775	0.01744366948019929	0.9999801342389756	1.9865761024093153e-5
241.28249999999997	-37.90839635250872	0.010869741938346318	0.9999838407230904	1.615927690721282e-5
250.93379999999996	-28.697403996506562	9.00443491208818e-13	0.9999879584928862	1.2041507117413295e-5
260.58509999999995	-22.654225533478026	0.011894978540118431	0.9999906419545237	9.35804547947307e-6
270.2364	-18.909884667761336	0.001172045065385884	0.9999923153486605	7.684651339528267e-6
279.8877	-16.0255269769347	0.0020129452949623834	0.9999935900990459	6.409900956098134e-6
289.539	-13.89242734188182	5.915061028456596e-8	0.9999945370541312	5.462945867891506e-6
299.1903	-12.222306793360266	0.006052141816309176	0.9999952776419418	4.722358058966692e-6
308.84159999999997	-10.886141261289167	0.04220980410414491	0.9999958825340154	4.11746598092662e-6
318.49289999999996	-9.72440466718617	0.0035382910918764264	0.999996383152371	3.6168476314846023e-6
328.14419999999996	-8.774171754195923	3.671527306342244e-8	0.9999968020563352	3.1979436645601983e-6
337.79549999999995	-7.955656247199363	0.004278422616434063	0.9999971617391439	2.838260859061105e-6
