LongSpeed	az	del_az	PFLow	PFeHigh
-4.8256499999999996	-0.8892278026220346	0.00020916462082520767	0.9999997056496284	2.943503673662825e-7
-2.4128249999999998	-0.963148213384662	3.359889921196062e-8	0.9999996731328724	3.2686712720461195e-7
2.4128249999999998	-1.1818946914856878	0.0001530983251123816	0.9999995743638572	4.2563614190920577e-7
4.8256499999999996	-1.3287821913611293	0.0004848437307504953	0.9999995067345329	4.932654671496438e-7
9.651299999999999	-1.6875371548457367	0.0009716770534486978	0.9999993443326887	6.556673105198215e-7
14.476949999999999	-1.999302861832055	0.0006405367090682122	0.9999992012921657	7.987078369022285e-7
19.302599999999998	-2.8312995755608426	5.783154568747201e-9	0.9999988219924907	1.1780075087325856e-6
24.128249999999998	-3.9297033261313263	0.0018208151899338234	0.9999983179114642	1.6820885321723624e-6
28.953899999999997	-4.268407229231272	5.3177275746564664e-11	0.9999981607127444	1.8392872530987252e-6
33.77955	-5.502194230398796	0.004468622766403808	0.9999975952677975	2.404732199597579e-6
38.605199999999996	-6.960824421152013	0.005007101808542665	0.9999969195450205	3.0804549772505913e-6
43.43084999999999	-8.468676802179736	0.004758795303975221	0.9999962254908843	3.7745091167664387e-6
48.256499999999996	-9.952334249097024	0.004642137473252377	0.9999955412185508	4.458781448348456e-6
53.08215	-14.542351351508838	1.4057546522905573e-9	0.999993425126827	6.574873172853771e-6
57.907799999999995	-18.386507875735592	0.010626224375948819	0.9999916475864914	8.352413507666568e-6
62.73344999999999	-19.019297910445832	8.964224392130317e-10	0.999991351811314	8.648188685048938e-6
67.5591	-22.948225365846728	0.006188039931636824	0.9999895402323035	1.0459767699600104e-5
72.38475	-25.61614791852666	0.005861216926004408	0.9999882980513012	1.1701948697540216e-5
77.21039999999999	-26.270801966403333	0.01795289358297901	0.9999879840475125	1.2015952487888105e-5
82.03604999999999	-27.33826272339255	0.012684397487119952	0.9999874959477313	1.250405226705269e-5
86.86169999999998	-31.585176386717382	1.8702001371248408e-9	0.9999855330056842	1.4466994316875469e-5
91.68735	-32.35866677049935	8.647246415902182e-14	0.9999851514143565	1.4848585646760299e-5
96.51299999999999	-31.18128245811941	0.016231705729658187	0.999985689351468	1.4310648532040428e-5
101.33864999999999	-31.813188866171316	0.00012055783180021679	0.9999854020560439	1.4597943956841354e-5
106.1643	-33.1916647080464	8.514588256701562e-9	0.9999847675642596	1.523243573948765e-5
110.98995	-29.039415511306096	0.016612856454233084	0.9999866758868707	1.3324113127939477e-5
115.81559999999999	-29.025626813909945	0.0015822805940361021	0.9999866826219503	1.331737805016658e-5
120.64124999999999	-33.21303395715814	0.017335799597920365	0.9999847590232639	1.5240976736421493e-5
125.46689999999998	-31.769065660423617	2.7126073636173212e-9	0.999985423064487	1.4576935513861474e-5
130.29254999999998	-31.206887339145023	0.008756715140687592	0.999985678278978	1.4321721023124904e-5
135.1182	-32.36337238606676	0.01817821003630094	0.9999851498393284	1.4850160672759231e-5
139.94385	-31.589641206843844	0.009316922878951051	0.9999855316728559	1.446832714292573e-5
144.7695	-27.341491738494895	0.009685480509774948	0.9999874940585951	1.2505941404480693e-5
149.59515	-26.27564703645509	0.018871110927255914	0.9999879831783756	1.2016821624125664e-5
154.42079999999999	-25.651526478749787	1.2114198200446906e-8	0.9999882827351517	1.1717264849046458e-5
159.24644999999998	-22.950208393320032	0.0006067465081025509	0.9999895400553558	1.045994464524211e-5
164.07209999999998	-19.024864483496717	0.004471750652770545	0.9999913520066535	8.647993347294618e-6
168.89774999999997	-18.383152248869063	0.007964883216817027	0.9999916504376359	8.349562367051318e-6
173.72339999999997	-14.537114895853557	6.646224542690762e-15	0.9999934277981083	6.572201892389583e-6
178.54905	-9.958261614458026	0.005228176077781422	0.9999955386492254	4.461350773659539e-6
183.3747	-8.47202540296345	0.0015102455583360245	0.9999962237691764	3.776230821891544e-6
188.20035	-6.95970719808339	0.004005873769981405	0.99999691980764	3.080192359054412e-6
193.02599999999998	-5.501596306410201	0.000518963186810347	0.999997595087002	2.4049129975839022e-6
197.85164999999998	-4.272120674280873	6.646224542690762e-16	0.9999981588610365	1.8411389636337151e-6
202.67729999999997	-3.924971626093125	7.288154194164508e-15	0.9999983198566904	1.680143310612551e-6
207.50294999999997	-2.833532453156305	0.0023388576297178093	0.9999988210071761	1.1789928255486404e-6
212.3286	-1.9980517813346854	4.4853784114233397e-10	0.9999992019187938	7.980812066238043e-7
217.15425	-1.6873677911950975	1.962114186389833e-14	0.9999993444342526	6.555657495956447e-7
221.9799	-1.3318726329950696	3.662268356158666e-5	0.9999995065430118	4.934569876563283e-7
226.80554999999998	-1.0677157386442633	0.0005372537320152056	0.9999996265075586	3.734924392172712e-7
231.63119999999998	-0.8896732205874949	0.00028503473583386127	0.9999997055003632	2.9449963661293353e-7
236.45684999999997	-0.7863399176294656	1.627668608090524e-9	0.9999997531084799	2.4689152201494793e-7
241.28249999999997	-0.6441149134300106	0.000376440545479367	0.9999998156304108	1.843695850762826e-7
250.93379999999996	-0.48854699835898735	1.464605351845968e-5	0.9999998836769738	1.163230272503976e-7
260.58509999999995	-0.3868826465959663	8.374179075979492e-5	0.9999999267590239	7.324097473454075e-8
270.2364	-0.32420253934223797	0.00015962102813752506	0.9999999528804456	4.711955109712886e-8
279.8877	-0.2758742320309387	9.073876667734071e-5	0.9999999727210036	2.7278994977441756e-8
289.539	-0.24012831599862713	1.2630149316704953e-15	0.999999987207773	1.2792228995212196e-8
299.1903	-0.21192304536986878	9.886791343012176e-5	0.9999999986206737	1.3793244499042575e-9
308.84159999999997	-0.18901076779605522	7.959931313551262e-15	1.0000000078202047	-7.82020819202394e-9
318.49289999999996	-0.1700086514895188	5.771703198059647e-15	1.0000000154097148	-1.540971626494751e-8
328.14419999999996	-0.15403188493849218	0.00012479480937664306	1.000000021765549	-2.1765549831751768e-8
337.79549999999995	-0.1405499536236241	6.9025234637806145e-15	1.000000027156073	-2.7156077934447435e-8
