LongSpeed	az	del_az	PFLow	PFeHigh
-4.8256499999999996	-353.47445884034767	0.04873534714749874	0.9998409001834498	0.00015909981654689754
-2.4128249999999998	-383.40159482559477	0.09973897106402299	0.9998272509903827	0.00017274900961926582
2.4128249999999998	-464.50350276245535	0.0495514283632039	0.9997901121504015	0.0002098878495965648
4.8256499999999996	-514.4564236159731	0.009401299563522706	0.9997673336342666	0.00023266636573622104
9.651299999999999	-643.4520071140789	0.07429014383065267	0.9997083008848671	0.00029169911512681517
14.476949999999999	-761.0897160534316	0.109036613796742	0.9996539823727729	0.00034601762722520244
19.302599999999998	-987.2482607274234	0.20927390064820647	0.9995497373823448	0.00045026261765083737
24.128249999999998	-1271.030137456192	0.15613047401606034	0.9994200848038339	0.0005799151961673138
28.953899999999997	-1600.4989738076133	0.05342706987804187	0.999269722153169	0.0007302778468307838
33.77955	-1966.472631060676	0.04633010739854686	0.9991011306375072	0.0008988693624912157
38.605199999999996	-2536.3730523601157	0.44386727156409744	0.998839738612081	0.0011602613879193003
43.43084999999999	-3262.3439765593853	0.1854380038909946	0.9985074986581475	0.001492501341853988
48.256499999999996	-3581.205425693101	0.13128067058039566	0.9983580592443609	0.0016419407556386122
53.08215	-4523.387755908181	0.028791207251795757	0.9979238524653302	0.002076147534671253
57.907799999999995	-6176.536185574453	0.8898211829133578	0.9971635021630024	0.0028364978369974196
62.73344999999999	-7041.009864318217	1.3323734590322514	0.996766804553646	0.003233195446351365
67.5591	-8423.72665988292	2.166105919290247e-11	0.9961299329748761	0.00387006702512004
72.38475	-10165.799857710354	3.657409266691149e-11	0.9953313688208842	0.004668631179115645
77.21039999999999	-10640.803278048817	0.09153037852641764	0.9951140771059761	0.0048859228940223605
82.03604999999999	-10696.307053624498	2.333467076685034	0.9950805819309336	0.0049194180690667255
86.86169999999998	-11798.639983427323	3.370041115246035e-11	0.9945720319606923	0.005427968039307093
91.68735	-13172.64282187332	2.007925796631854	0.9939374516960233	0.006062548303974066
96.51299999999999	-11573.286466716845	1.8617237593260159	0.9946720333502324	0.0053279666497677725
101.33864999999999	-12866.432589478087	0.2512698980457001	0.9940784430170991	0.005921556982897635
106.1643	-12537.546124561413	0.07095385146242501	0.9942288857587378	0.005771114241261508
110.98995	-11570.262746803239	1.9249522456269207e-11	0.9946732198624312	0.005326780137568918
115.81559999999999	-11571.177534972707	0.9782871138261493	0.9946728538857313	0.005327146114268324
120.64124999999999	-12535.602790663263	1.8613929056707978	0.994229859434199	0.005770140565803149
125.46689999999998	-12866.231485220322	0.9196489410620577	0.9940787308362312	0.005921269163768287
130.29254999999998	-11573.344061866552	1.0810610613085743	0.9946721137141432	0.005327886285855602
135.1182	-13171.568848610985	8.71559197833713e-12	0.9939384817487255	0.006061518251268639
139.94385	-11799.558726647954	2.612050867362248	0.9945719575882817	0.005428042411717158
144.7695	-10696.078725916603	5.294493581467192e-11	0.9950814578132077	0.004918542186790343
149.59515	-10639.402180236255	9.624761228134604e-12	0.995114923405281	0.004885076594716889
154.42079999999999	-10165.67175991896	0.1536004810516519	0.9953313223353246	0.004668677664673538
159.24644999999998	-8423.758796513242	1.5888145839074282e-11	0.9961301916271381	0.003869808372862788
164.07209999999998	-7040.848913534819	0.017630354533257248	0.9967673493698646	0.0032326506301332946
168.89774999999997	-6177.6624261592615	0.6796135882615947	0.9971636574979907	0.002836342502008962
173.72339999999997	-4522.533673284428	0.6403242170929785	0.9979244897678463	0.002075510232152261
178.54905	-3581.3135202502476	0.45689197157541894	0.9983580018598053	0.0016419981401972605
183.3747	-3262.413829705814	0.4296716196183194	0.9985073774243907	0.0014926225756083575
188.20035	-2536.5360470688606	0.1588408517483968	0.9988395756823516	0.0011604243176472596
193.02599999999998	-1965.9794135459713	4.0905235219572055e-12	0.999101229252367	0.0008987707476322929
197.85164999999998	-1600.2415704359528	5.415264798225618e-12	0.9992697455082615	0.0007302544917357264
202.67729999999997	-1271.2078855189266	3.4910496309362277e-12	0.9994199493811176	0.0005800506188781531
207.50294999999997	-987.4117241659951	0.059023896915442534	0.9995496617516504	0.0004503382483480447
212.3286	-761.1849635228942	0.10063499302056067	0.9996539663617656	0.00034603363823159045
217.15425	-643.4078748043157	4.271411399031889e-12	0.9997083506321951	0.00029164936780858486
221.9799	-514.7082369974624	0.04184321356582133	0.9997672660425976	0.0002327339573998634
226.80554999999998	-422.76482779666327	0.029200049061016208	0.9998093328447801	0.0001906671552247422
231.63119999999998	-353.48855655020515	6.015475767584127e-13	0.9998409307458163	0.0001590692541854358
236.45684999999997	-309.32455244701913	0.0047896305261599876	0.9998611948396443	0.000138805160356526
241.28249999999997	-256.9809965595852	2.797196231926619e-12	0.9998849452314015	0.00011505476859720736
250.93379999999996	-195.70350323767354	0.043717413970405065	0.9999129700397005	8.702996029809482e-5
260.58509999999995	-155.10242702997843	0.02688014976665378	0.9999312866631598	6.871333683632666e-5
270.2364	-129.51497493803114	0.0030679852418220343	0.999943114812186	5.688518781311671e-5
279.8877	-109.89059657217355	0.0019208849727233748	0.999952037111294	4.796288870430326e-5
289.539	-95.33941949312829	0.005820058427419572	0.9999586850498672	4.1314950133902455e-5
299.1903	-83.80191449633807	0.007183309561190216	0.9999639776416194	3.6022358381686444e-5
308.84159999999997	-74.42398645194285	1.5114069913273542e-12	0.9999682781552244	3.1721844776523464e-5
318.49289999999996	-66.63938833607271	0.013196681328125738	0.9999718556676778	2.814433231706296e-5
328.14419999999996	-60.09908951920733	1.278288600611627e-12	0.9999748615875589	2.513841243791319e-5
337.79549999999995	-54.50424168051046	0.006680914908816591	0.9999774293702984	2.2570629701858994e-5
