LongSpeed	az	del_az	PFLow	PFeHigh
-4.8256499999999996	-675.6289542910826	0.0029975695665196054	0.9996929911317836	0.0003070088682204813
-2.4128249999999998	-732.9008545771433	4.47872443049979e-7	0.9996668138445968	0.00033318615540232487
2.4128249999999998	-882.0995767914852	0.007403490800544207	0.9995984652999524	0.00040153470004343104
4.8256499999999996	-971.9790530720859	0.013993139301851754	0.9995572913085269	0.00044270869147567857
9.651299999999999	-1214.731150412652	1.4312915049030371e-6	0.999446234388427	0.000553765611574382
14.476949999999999	-1434.5509731916904	0.02065027155730351	0.9993449553419907	0.0006550446580116245
19.302599999999998	-1830.1205011978566	0.004462691179011779	0.9991631804308867	0.000836819569114072
24.128249999999998	-2393.6495170634603	0.0	0.9989051588453532	0.001094841154645478
28.953899999999997	-3050.742887639308	4.578089284085551e-12	0.9986045943691337	0.0013954056308681617
33.77955	-3730.1888240351664	0.013067950939930153	0.9982918567500277	0.0017081432499736482
38.605199999999996	-4900.272221771811	5.315448123448666e-12	0.9977551189134097	0.002244881086585309
43.43084999999999	-6326.332836742949	0.008674621084789154	0.9971025802620861	0.002897419737911121
48.256499999999996	-6931.509641022708	0.0994358986630074	0.9968198944119533	0.0031801055880427706
53.08215	-8760.655968808587	0.09411317520477344	0.9959769934793989	0.004023006520599721
57.907799999999995	-11930.477694875053	0.1442379577397601	0.9945176734177958	0.005482326582200539
62.73344999999999	-13658.054224819587	0.18702299567236985	0.9937281192469842	0.006271880753013939
67.5591	-16307.677118856052	0.07799539975956772	0.9925056877881304	0.007494312211869243
72.38475	-19714.400709818714	0.12156701056038834	0.9909440504911278	0.009055949508868625
77.21039999999999	-20591.321672067883	0.2976903648207057	0.9905385690252924	0.009461430974706093
82.03604999999999	-20713.572520952508	0.08032703095768236	0.9904729920537665	0.00952700794623321
86.86169999999998	-22794.823083646672	2.3099426947523043e-11	0.9895119102105537	0.010488089789443033
91.68735	-25377.926936995646	0.45281809018503044	0.9883138932636835	0.011686106736315259
96.51299999999999	-22370.35065029883	0.3595579696209951	0.989699099925951	0.010300900074046
101.33864999999999	-24616.41259915521	0.3611642579840117	0.9886672667770717	0.011332733222924395
106.1643	-24004.813915142728	0.5033446827993547	0.9889474830585085	0.01105251694148768
110.98995	-22221.87458652344	1.361146786343068e-11	0.9897667616531451	0.010233238346851893
115.81559999999999	-22220.39995023351	0.012974454799286946	0.9897671368280165	0.010232863171978034
120.64124999999999	-24005.07523466638	0.3527314934740248	0.9889478324861718	0.011052167513822833
125.46689999999998	-24616.460963405534	0.2814064705954133	0.9886675914110523	0.011332408588944125
130.29254999999998	-22370.528887092125	1.4823382207616672e-10	0.9896992322492866	0.010300767750710246
135.1182	-25378.45384602902	0.5511259450180604	0.988314827243393	0.011685172756605163
139.94385	-22796.52119303757	0.07459393256598215	0.9895110163545747	0.010488983645420476
144.7695	-20715.142922835785	0.35694354151809177	0.9904723593147475	0.009527640685250575
149.59515	-20593.025884558418	0.26884781985865003	0.9905379808346906	0.00946201916530855
154.42079999999999	-19717.159150628195	3.2780755526738486e-11	0.9909432728244854	0.009056727175514107
159.24644999999998	-16310.101521151173	0.2466475795232943	0.9925051676319918	0.007494832368005724
164.07209999999998	-13660.233626329227	2.2157864339836465e-11	0.9937262361137457	0.006273763886250086
168.89774999999997	-11931.209974471869	0.2600880902095911	0.9945182394398584	0.005481760560139222
173.72339999999997	-8761.21670260907	0.11457933731947129	0.9959766155856749	0.004023384414322715
178.54905	-6931.601511354248	0.08889887560382657	0.9968197540321329	0.00318024596787103
183.3747	-6326.141475963326	0.14424009209071717	0.9971026196069416	0.0028973803930575264
188.20035	-4899.994751355941	0.1078200990980321	0.9977550896915768	0.0022449103084253314
193.02599999999998	-3729.8629629410725	0.04062531930707396	0.9982917583824387	0.0017082416175627838
197.85164999999998	-3050.5302516055367	0.0089024813688688	0.9986045019345234	0.0013954980654788227
202.67729999999997	-2393.6866664112763	0.030411376957252285	0.9989051249631213	0.0010948750368772126
207.50294999999997	-1830.2140390036548	0.018114984221082042	0.9991631772834463	0.0008368227165521085
212.3286	-1434.7125855108695	0.02906854638892965	0.9993449528998768	0.0006550471001263952
217.15425	-1214.9331527349304	0.0015227156030074554	0.999446234147239	0.0005537658527566381
221.9799	-972.1901275588472	0.011647770653643153	0.9995572963677117	0.0004427036322896134
226.80554999999998	-805.8499892568157	0.008923160823151982	0.999633484213746	0.0003665157862537727
231.63119999999998	-675.8214000777714	1.100848501071343e-11	0.9996930038864813	0.0003069961135196736
236.45684999999997	-588.044485827822	2.3700974524281457e-11	0.9997333058072848	0.0002666941927185136
241.28249999999997	-492.9176613591102	0.004481216038006106	0.9997765971781116	0.00022340282188307517
250.93379999999996	-377.4622867544454	0.010026652824597986	0.9998296765216073	0.00017032347839854718
260.58509999999995	-300.1578709081298	5.263627231302717e-12	0.99986473909759	0.0001352609024049413
270.2364	-250.83250272953802	0.007354172507606382	0.9998877065464624	0.00011229345353647147
279.8877	-212.9765813533305	4.755651158778879e-14	0.9999050062975127	9.499370248106154e-5
289.539	-184.80903953537225	0.001040653829149514	0.999917933297807	8.206670219888549e-5
299.1903	-162.5141130986883	1.0077044138463277e-12	0.9999282293626841	7.177063731724615e-5
308.84159999999997	-144.3274877455667	0.0021911502031954685	0.999936621804305	6.337819569703463e-5
318.49289999999996	-129.25325897005442	1.1655226856677023e-12	0.9999436062147735	5.6393785225529035e-5
328.14419999999996	-116.54377736814351	1.8275166295168893e-6	0.9999495030148031	5.049698519358432e-5
337.79549999999995	-105.70840353548068	1.052708259327222e-13	0.9999545364625853	4.5463537417969835e-5
