LongSpeed	az	del_az	PFLow	PFeHigh
-4.8256499999999996	-662.4980926206485	0.018815164289523144	0.9996990310087751	0.0003009689912279439
-2.4128249999999998	-718.7143256091466	0.016936176020411878	0.9996733348523272	0.0003266651476699419
2.4128249999999998	-865.1874573727542	0.027015800928244002	0.999606165621572	0.0003938343784286418
4.8256499999999996	-953.4616654957061	0.01178098463035287	0.9995657903267219	0.0004342096732757948
9.651299999999999	-1191.480962730901	0.010905747207662244	0.9994569225651181	0.0005430774348782594
14.476949999999999	-1407.043586938333	7.821043900915424e-12	0.9993575514209931	0.0006424485790037808
19.302599999999998	-1795.5883503435568	0.0142839499825528	0.9991790113106221	0.0008209886893781595
24.128249999999998	-2347.2676238153454	0.061020664868050925	0.9989264504441677	0.001073549555834207
28.953899999999997	-2991.218804449794	0.0006039622260274707	0.9986319883880251	0.0013680116119721272
33.77955	-3657.5935109485267	0.007589361273259754	0.9983253549683566	0.0016746450316387277
38.605199999999996	-4803.102922595556	9.624761228134603e-13	0.9977996079160055	0.002200392083992636
43.43084999999999	-6200.671462592789	0.004401798923405285	0.9971603052927795	0.002839694707219265
48.256499999999996	-6793.470210718121	0.04077479124451189	0.9968830837576856	0.0031169162423120506
53.08215	-8586.806446992745	0.23540368295629566	0.9960573091949062	0.003942690805091583
57.907799999999995	-11695.867867398096	1.7324570210642286e-11	0.9946255768203311	0.005374423179663844
62.73344999999999	-13387.444377367214	7.892304207070374e-11	0.9938523878257003	0.00614761217430034
67.5591	-15985.669837197103	0.3112433332191424	0.9926539189298953	0.007346081070102954
72.38475	-19322.381243122793	2.1261792493794663e-11	0.9911239835825426	0.008876016417456535
77.21039999999999	-20183.638879559305	2.2589179855782923e-6	0.9907259538303466	0.009274046169650524
82.03604999999999	-20303.670099951556	0.7859919201216753	0.9906616298659291	0.009338370134066945
86.86169999999998	-22346.041712598995	0.5864108584052372	0.9897184978585798	0.010281502141415995
91.68735	-24881.661294770995	2.509830661918252e-11	0.9885425469641056	0.011457453035890717
96.51299999999999	-21929.64230923279	0.7216952171355528	0.9899020827052463	0.010097917294749527
101.33864999999999	-24143.56791182549	0.2719527031158767	0.9888853261280537	0.011114673871942884
106.1643	-23541.518374283194	0.34116469187578685	0.9891608293373224	0.010839170662676284
110.98995	-21789.46427070737	6.544837635131529e-11	0.9899657705010428	0.010034229498953199
115.81559999999999	-21790.34454151767	0.6261415604430246	0.989965463863029	0.010034536136967562
120.64124999999999	-23542.75393455461	0.7130847135921304	0.9891608567533927	0.01083914324660392
125.46689999999998	-24143.938276645924	7.314818533382299e-11	0.9888854637113449	0.011114536288653833
130.29254999999998	-21930.622023284894	6.159847186006146e-11	0.9899018632321961	0.010098136767800296
135.1182	-24882.55748318499	0.24776784196336937	0.9885430123727539	0.011456987627242383
139.94385	-22347.883952570075	2.8938377622723982e-11	0.9897179273155883	0.010282072684407756
144.7695	-20305.205589203906	2.8938377622723982e-11	0.9906609601564331	0.009339039843567633
149.59515	-20185.62520017265	0.5425582772194403	0.9907252670745461	0.009274732925453864
154.42079999999999	-19325.118284899057	0.5887391668075715	0.9911232112525546	0.008876788747442785
159.24644999999998	-15987.146229205136	0.17832056962834342	0.9926535936437206	0.0073464063562744646
164.07209999999998	-13388.82814650191	0.4200276373608716	0.9938515848411877	0.006148415158809439
168.89774999999997	-11696.738165870302	0.3420344982960204	0.9946259033304542	0.005374096669541787
173.72339999999997	-8587.037613313449	0.16679047198534452	0.9960566387333117	0.003943361266687309
178.54905	-6793.525843714547	9.156178568171101e-12	0.9968829689467911	0.003117031053209411
183.3747	-6200.835684627137	3.849904491253841e-12	0.9971599472994912	0.002840052700505493
188.20035	-4802.9313680757095	0.1469905988003463	0.9977995092314984	0.0022004907685023055
193.02599999999998	-3657.0401775512405	0.19104726318717716	0.9983253605874991	0.0016746394124997495
197.85164999999998	-2990.871979505868	4.3311425526605714e-12	0.9986319611175138	0.0013680388824888314
202.67729999999997	-2347.195363608059	0.09987570431022287	0.9989264420548113	0.0010735579451860867
207.50294999999997	-1795.688147674118	0.015443780313396268	0.9991790026366933	0.0008209973633082836
212.3286	-1407.3406410937655	0.00040650695174847354	0.9993574945128623	0.0006425054871378286
217.15425	-1191.6001533678177	2.538559283124241e-11	0.9994569474075792	0.0005430525924234457
221.9799	-953.685208682426	1.8948844151391767e-11	0.9995657928536124	0.0004342071463876808
226.80554999999998	-790.3233958998018	0.001099715201257185	0.9996406100139679	0.0003593899860304069
231.63119999999998	-662.6771132419079	0.03132080303358877	0.9996990434480764	0.0003009565519207371
236.45684999999997	-576.7815770765105	1.2030951535168254e-12	0.9997384985008344	0.000261501499165418
241.28249999999997	-483.32705310062784	0.021014146792825598	0.999781013736196	0.00021898626380678702
250.93379999999996	-370.0371639795131	0.003953622544532093	0.9998330829877358	0.00016691701226499142
260.58509999999995	-294.28210451048545	0.008829087817241184	0.9998674730021699	0.00013252699782586983
270.2364	-245.82913546656053	3.052890992931175e-12	0.9998899821155804	0.00011001788441532623
279.8877	-208.73774192821136	0.0003735463091762959	0.9999069383232808	9.306167671799601e-5
289.539	-181.13630431980886	0.0009056136224829507	0.9999196168370108	8.038316298974375e-5
299.1903	-159.2853785280704	0.000313685886428843	0.9999297024490044	7.029755099039343e-5
308.84159999999997	-141.46402833313715	2.225726034006127e-12	0.9999379290334558	6.207096654667327e-5
318.49289999999996	-126.68120147726724	4.2387576608416016e-5	0.999944778220706	5.5221779293777924e-5
328.14419999999996	-114.23517949462541	2.1956486551682058e-12	0.9999505522912302	4.944770877141645e-5
337.79549999999995	-103.61109502554265	0.0025391667028662967	0.999955486013465	4.451398653123658e-5
