LongSpeed	az	del_az	PFLow	PFeHigh
-4.8256499999999996	-80.14680685390601	0.03438105137296698	0.9999649787857103	3.502121428605868e-5
-2.4128249999999998	-86.90135715156673	0.02232836538775876	0.9999619239035001	3.807609650400338e-5
2.4128249999999998	-106.39860173581981	2.4825227873553566e-13	0.9999530673568302	4.6932643167476746e-5
4.8256499999999996	-119.11584064709305	0.03874738036448696	0.9999473116420525	5.268835795215134e-5
9.651299999999999	-150.43825554730637	1.2030951535168253e-13	0.999933057572661	6.694242733998754e-5
14.476949999999999	-178.21149525891744	0.06121518345156112	0.9999203221158396	7.967788416218932e-5
19.302599999999998	-244.58152185591973	0.08989425496524138	0.9998899392961824	0.00011006070381832316
24.128249999999998	-324.6591709025297	0.056834553566326385	0.9998530617710184	0.00014693822898106967
28.953899999999997	-376.7764869706429	6.617023344342538e-13	0.9998294480105756	0.00017055198942109037
33.77955	-476.2313353070391	0.0991454278786738	0.9997838025708101	0.00021619742918919287
38.605199999999996	-594.1100607518615	0.11754923724686611	0.9997294787230798	0.00027052127691872685
43.43084999999999	-742.9135491554448	0.046934920699138925	0.9996613845497442	0.0003386154502569003
48.256499999999996	-843.2355140421521	0.1530737081966909	0.9996145590795764	0.00038544092042420617
53.08215	-1073.4487965672474	5.774856736880761e-12	0.9995080734525144	0.0004919265474881277
57.907799999999995	-1411.4889306780644	0.22732713045885164	0.9993526144249723	0.0006473855750280763
62.73344999999999	-1600.2222264707357	3.250584104962432e-12	0.999266198357122	0.0007338016428798731
67.5591	-1910.057391812946	0.7371356546987529	0.999123274354514	0.000876725645488016
72.38475	-2269.182679892617	0.3845313866447437	0.9989587498522349	0.0010412501477640719
77.21039999999999	-2374.4304823389466	0.8854503394518787	0.9989108395085957	0.0010891604914030706
82.03604999999999	-2394.9864074697866	0.6615514011731687	0.9988992880780327	0.001100711921966388
86.86169999999998	-2640.6060304655703	0.6673065735613335	0.9987857262656443	0.0012142737343554509
91.68735	-2947.88534270672	3.849904491253841e-12	0.998644125545197	0.001355874454804814
96.51299999999999	-2589.073817714709	0.4043985655200887	0.9988089228030985	0.0011910771968998907
101.33864999999999	-2891.4144005784233	0.4996049190861195	0.9986698334833135	0.001330166516688176
106.1643	-2819.445830327321	0.7197304916038655	0.998702628691174	0.0012973713088256214
110.98995	-2596.1601959636578	0.3454388798377097	0.9988053905536907	0.0011946094463093626
115.81559999999999	-2597.3344968744423	0.5167314465174325	0.998804873665617	0.0011951263343833913
120.64124999999999	-2820.406467802184	0.04676503479484643	0.9987022661630194	0.0012977338369790847
125.46689999999998	-2890.0160953655145	0.1144156196805419	0.9986705079758953	0.0013294920241027353
130.29254999999998	-2589.336671152868	0.7135710754649565	0.998808834738343	0.0011911652616545484
135.1182	-2946.464806159818	0.6724879188655539	0.9986449099474335	0.0013550900525662272
139.94385	-2641.1290541849	0.6091486106478128	0.9987855295797103	0.0012144704202867497
144.7695	-2395.1772236650927	0.7480375558110435	0.9988993011405467	0.0011006988594545403
149.59515	-2374.1169690376805	0.44280587311844455	0.9989109960857938	0.001089003914205566
154.42079999999999	-2268.6276778462798	3.1068753306330887e-7	0.9989591194965475	0.0010408805034540392
159.24644999999998	-1910.295897843489	0.5308914736298241	0.9991232093927302	0.0008767906072696468
164.07209999999998	-1599.951254694499	0.09958789399880873	0.9992664111372538	0.0007335888627481546
168.89774999999997	-1411.1946402911417	0.367026614330306	0.9993527822858844	0.0006472177141123427
173.72339999999997	-1073.421974480485	0.096928817446372	0.9995081370941263	0.0004918629058714796
178.54905	-843.476797865289	2.5873539594385784e-12	0.9996144604467545	0.0003855395532453762
183.3747	-743.3661626735278	8.585758027248688e-7	0.9996611371013563	0.00033886289864594205
188.20035	-594.1448938574052	0.013355624497563456	0.9997294174236324	0.00027058257636577304
193.02599999999998	-476.10534368727394	0.10895826074133257	0.9997838522190428	0.00021614778096174428
197.85164999999998	-376.85914229183135	0.10520053454907481	0.9998293799948289	0.0001706200051669196
202.67729999999997	-324.5792294615804	0.0393206912973156	0.9998531008961673	0.00014689910383616352
207.50294999999997	-244.51820554931538	0.021305556498348217	0.9998899642892438	0.00011003571075461876
212.3286	-178.16505271747488	9.094859471637183e-8	0.9999203510623107	7.964893768648952e-5
217.15425	-150.45486025641338	0.01253719864862161	0.9999330591784104	6.694082158890732e-5
221.9799	-119.14518969762683	1.1955994543116007e-12	0.9999473118105857	5.2688189413433866e-5
226.80554999999998	-96.2127983698703	0.03828135682947276	0.9999577464918454	4.225350815795239e-5
231.63119999999998	-80.13146786542399	0.009873997800210425	0.9999649899052918	3.5010094705255924e-5
236.45684999999997	-70.60665767548029	1.4437141842201902e-12	0.9999693386088087	3.0661391191742624e-5
241.28249999999997	-57.96967340599201	1.9695197776872806e-8	0.9999749889722876	2.501102770971044e-5
250.93379999999996	-43.870731996094236	0.006607628277138793	0.9999813208036739	1.8679196330290216e-5
260.58509999999995	-34.68161217739932	1.5666289645300907e-7	0.9999854131639148	1.458683609063184e-5
270.2364	-28.914310330239744	0.0003915275014941805	0.9999880053721766	1.199462782360763e-5
279.8877	-24.50564943841492	0.004160731840195001	0.9999899652527324	1.0034747270484623e-5
289.539	-21.269164613231457	1.222038109518035e-13	0.9999914146422226	8.585357778447144e-6
299.1903	-18.70256303178579	3.287941395615142e-7	0.999992561338927	7.438661070780726e-6
308.84159999999997	-16.60346691988538	0.002366112498081861	0.9999934972358548	6.50276414530054e-6
318.49289999999996	-14.8729886354877	0.0003497996581068416	0.9999942671056437	5.7328943597077275e-6
328.14419999999996	-13.41477321525728	0.003395039840009987	0.9999949154678447	5.084532157849658e-6
337.79549999999995	-12.166560022481805	0.002070599076591372	0.9999954689004171	4.531099581396831e-6
